10
15
0 2e+006 385 448 black-ant.png 0.067 0.042 
1 30 119 199 clouded-leopard.png 0.042 0.021
2 500 567 11 down-bat.png 0.025 0.004  
3 150000 384 59 earthworm.png 0.45 0.042  
4 500 439 247 poison-dart-frog.png 0.417 0.021 
5 600 72 3 saprophytes.png 0.5 0.25
6 100 3 327 sloth.png 0.017 0.004         
7 150 293 257 spider-monkey.png 0.25 0.05 
8 40000 162 487 figue.png 1 0.001
9 40000 567 487 durian.png 1 0.001
0 5 7 0.02
1 5 6 0.02
2 1 7 1.5
3 1 6 0.5
4 5 1 0.02
5 5 4 0.02
6 4 0 300
7 4 3 150
8 3 5 0.0015
9 2 3 5
10 0 9 0.00003
11 2 9 10
12 6 8 25
13 7 8 35
14 0 8 0.00001
