12
20
0 100 3 108 algue.png 1 0
1 100 3 437 racine.png 1 0
2 700 341 327 mouche.png 0.8 0.2
3 40 256 151 carpe.png 1 0.15
4 200 212 10 crevette.png 1 0.5
5 35 205 487 limace.png 0.8 0.15
6 20 406 3 truite.png 0.021 0.004
7 70 393 182 libellule.png 0.6 0.2
8 6 378 450 tortue.png 0.3 0.04
9 14 567 27 martin-pecheur.png 0.09 0.07
10 55 567 274 grenouille.png 0.75 0.12
11 12 524 469 serpent.png 0.4 0.015
0 4 0 0.25
1 4 1 0.25
2 3 0 3
3 3 1 5
4 2 1 0.025
5 5 0 0.04
6 5 1 0.04
7 8 0 7
8 8 1 4
9 8 2 60
10 8 5 40
11 7 2 25
12 6 4 15
13 6 3 4
14 10 2 12
15 10 7 8
16 11 10 3
17 9 3 6
18 9 6 3
19 9 10 20
